506 1298 2090 2882 3674 4466 5258 6050 6842 7634 8426 9218
1298 3818 6338 8858 11378 13898 16418 18938 21458 23978 26498 29018
2090 6338 10586 14834 19082 23330 27578 31826 36074 40322 44570 48818
2882 8858 14834 20810 26786 32762 38738 44714 50690 56666 62642 68618
3674 11378 19082 26786 34490 42194 49898 57602 65306 73010 80714 88418
4466 13898 23330 32762 42194 51626 61058 70490 79922 89354 98786 108218
5258 16418 27578 38738 49898 61058 72218 83378 94538 105698 116858 128018
6050 18938 31826 44714 57602 70490 83378 96266 109154 122042 134930 147818
6842 21458 36074 50690 65306 79922 94538 109154 123770 138386 153002 167618
7634 23978 40322 56666 73010 89354 105698 122042 138386 154730 171074 187418
8426 26498 44570 62642 80714 98786 116858 134930 153002 171074 189146 207218
9218 29018 48818 68618 88418 108218 128018 147818 167618 187418 207218 227018
